turn on 887,9,959,629
turn on 454,398,844,448
turn off 539,243,559,965
turn off 370,819,676,868
turn off 145,40,370,997
turn off 301,3,808,453
turn on 351,678,951,908
toggle 720,196,897,994
toggle 831,394,904,860
toggle 753,664,970,926
turn off 150,300,213,740
turn on 141,242,932,871
toggle 294,259,474,326
toggle 678,333,752,957
toggle 393,804,510,976
turn off 6,964,411,976
turn off 33,572,978,590
turn on 579,693,650,978
turn on 150,20,652,719
turn off 782,143,808,802
turn off 240,377,761,468
turn off 899,828,958,967
turn on 613,565,952,659
turn on 295,36,964,978
toggle 846,296,969,528
turn off 211,254,529,491
turn off 231,594,406,794
turn off 169,791,758,942
turn on 955,440,980,477
toggle 944,498,995,928
turn on 519,391,605,718
toggle 521,303,617,366
turn off 524,349,694,791
toggle 391,87,499,792
toggle 562,527,668,935
turn off 68,358,857,453
toggle 815,811,889,828
turn off 666,61,768,87
turn on 27,501,921,952
turn on 953,102,983,471
turn on 277,552,451,723
turn off 64,253,655,960
turn on 47,485,734,977
turn off 59,119,699,734
toggle 407,898,493,955
toggle 912,966,949,991
turn on 479,990,895,990
toggle 390,589,869,766
toggle 593,903,926,943
toggle 358,439,870,528
turn off 649,410,652,875
turn on 629,834,712,895
toggle 254,555,770,901
toggle 641,832,947,850
turn on 268,448,743,777
turn off 512,123,625,874
turn off 498,262,930,811
turn off 835,158,886,242
toggle 546,310,607,773
turn on 501,505,896,909
turn off 666,796,817,924
toggle 987,789,993,809
toggle 745,8,860,693
toggle 181,983,731,988
turn on 826,174,924,883
turn on 239,228,843,993
turn on 205,613,891,667
toggle 867,873,984,896
turn on 628,251,677,681
toggle 276,956,631,964
turn on 78,358,974,713
turn on 521,360,773,597
turn off 963,52,979,502
turn on 117,151,934,622
toggle 237,91,528,164
turn on 944,269,975,453
toggle 979,460,988,964
turn off 440,254,681,507
toggle 347,100,896,785
turn off 329,592,369,985
turn on 931,960,979,985
toggle 703,3,776,36
toggle 798,120,908,550
turn off 186,605,914,709
turn off 921,725,979,956
toggle 167,34,735,249
turn on 726,781,987,936
toggle 720,336,847,756
turn on 171,630,656,769
turn off 417,276,751,500
toggle 559,485,584,534
turn on 568,629,690,873
toggle 248,712,277,988
toggle 345,594,812,723
turn off 800,108,834,618
turn off 967,439,986,869
turn on 842,209,955,529
turn on 132,653,357,696
turn on 817,38,973,662
turn off 569,816,721,861
turn on 568,429,945,724
turn on 77,458,844,685
turn off 138,78,498,851
turn on 136,21,252,986
turn off 2,460,863,472
turn on 172,81,839,332
turn on 123,216,703,384
turn off 879,644,944,887
toggle 227,491,504,793
toggle 580,418,741,479
toggle 65,276,414,299
toggle 482,486,838,931
turn off 557,768,950,927
turn off 615,617,955,864
turn on 859,886,923,919
turn on 391,330,499,971
toggle 521,835,613,847
turn on 822,787,989,847
turn on 192,142,357,846
turn off 564,945,985,945
turn off 479,361,703,799
toggle 56,481,489,978
turn off 632,991,774,998
toggle 723,526,945,792
turn on 344,149,441,640
toggle 568,927,624,952
turn on 621,784,970,788
toggle 665,783,795,981
toggle 386,610,817,730
toggle 440,399,734,417
toggle 939,201,978,803
turn off 395,883,554,929
turn on 340,309,637,561
turn off 875,147,946,481
turn off 945,837,957,922
turn off 429,982,691,991
toggle 227,137,439,822
toggle 4,848,7,932
turn off 545,146,756,943
turn on 763,863,937,994
turn on 232,94,404,502
turn off 742,254,930,512
turn on 91,931,101,942
toggle 585,106,651,425
turn on 506,700,567,960
turn off 548,44,718,352
turn off 194,827,673,859
turn off 6,645,509,764
turn off 13,230,821,361
turn on 734,629,919,631
toggle 788,552,957,972
toggle 244,747,849,773
turn off 162,553,276,887
turn off 569,577,587,604
turn off 799,482,854,956
turn on 744,535,909,802
toggle 330,641,396,986
turn off 927,458,966,564
toggle 984,486,986,913
toggle 519,682,632,708
turn on 984,977,989,986
toggle 766,423,934,495
turn on 17,509,947,718
turn on 413,783,631,903
turn on 482,370,493,688
turn on 433,859,628,938
turn off 769,549,945,810
turn on 178,853,539,941
turn off 203,251,692,433
turn off 525,638,955,794
turn on 169,70,764,939
toggle 59,352,896,404
toggle 143,245,707,320
turn off 103,35,160,949
toggle 496,24,669,507
turn off 581,847,847,903
turn on 689,153,733,562
turn on 821,487,839,699
turn on 837,627,978,723
toggle 96,748,973,753
toggle 99,818,609,995
turn on 731,193,756,509
turn off 622,55,813,365
turn on 456,490,576,548
turn on 48,421,163,674
turn off 853,861,924,964
turn off 59,963,556,987
turn on 458,710,688,847
toggle 12,484,878,562
turn off 241,964,799,983
turn off 434,299,845,772
toggle 896,725,956,847
turn on 740,289,784,345
turn off 395,840,822,845
turn on 955,224,996,953
turn off 710,186,957,722
turn off 485,949,869,985
turn on 848,209,975,376
toggle 221,241,906,384
turn on 588,49,927,496
turn on 273,332,735,725
turn on 505,962,895,962
toggle 820,112,923,143
turn on 919,792,978,982
toggle 489,461,910,737
turn off 202,642,638,940
turn off 708,953,970,960
toggle 437,291,546,381
turn on 409,358,837,479
turn off 756,279,870,943
turn off 154,657,375,703
turn off 524,622,995,779
toggle 514,221,651,850
toggle 808,464,886,646
toggle 483,537,739,840
toggle 654,769,831,825
turn off 326,37,631,69
turn off 590,570,926,656
turn off 881,913,911,998
turn on 996,102,998,616
turn off 677,503,828,563
turn on 860,251,877,441
turn off 964,100,982,377
toggle 888,403,961,597
turn off 632,240,938,968
toggle 731,176,932,413
turn on 5,498,203,835
turn on 819,352,929,855
toggle 393,813,832,816
toggle 725,689,967,888
turn on 968,950,969,983
turn off 152,628,582,896
turn off 165,844,459,935
turn off 882,741,974,786
turn off 283,179,731,899
toggle 197,366,682,445
turn on 106,309,120,813
toggle 950,387,967,782
turn off 274,603,383,759
turn off 155,665,284,787
toggle 551,871,860,962
turn off 30,826,598,892
toggle 76,552,977,888
turn on 938,180,994,997
toggle 62,381,993,656
toggle 625,861,921,941
turn on 685,311,872,521
turn on 124,934,530,962
turn on 606,379,961,867
turn off 792,735,946,783
turn on 417,480,860,598
toggle 178,91,481,887
turn off 23,935,833,962
toggle 317,14,793,425
turn on 986,89,999,613
turn off 359,201,560,554
turn off 729,494,942,626
turn on 204,143,876,610
toggle 474,97,636,542
turn off 902,924,976,973
turn off 389,442,824,638
turn off 622,863,798,863
turn on 840,622,978,920
toggle 567,374,925,439
turn off 643,319,935,662
toggle 185,42,294,810
turn on 47,124,598,880
toggle 828,303,979,770
turn off 174,272,280,311
turn off 540,50,880,212
turn on 141,994,221,998
turn on 476,695,483,901
turn on 960,216,972,502
toggle 752,335,957,733
turn off 419,713,537,998
toggle 772,846,994,888
turn on 881,159,902,312
turn off 537,651,641,816
toggle 561,947,638,965
turn on 368,458,437,612
turn on 290,149,705,919
turn on 711,918,974,945
toggle 916,242,926,786
toggle 522,272,773,314
turn on 432,897,440,954
turn off 132,169,775,380
toggle 52,205,693,747
toggle 926,309,976,669
turn off 838,342,938,444
turn on 144,431,260,951
toggle 780,318,975,495
turn off 185,412,796,541
turn on 879,548,892,860
turn on 294,132,460,338
turn on 823,500,899,529
turn off 225,603,483,920
toggle 717,493,930,875
toggle 534,948,599,968
turn on 522,730,968,950
turn off 102,229,674,529